Test Accuracy: 0.9611
Test Loss: 0.1156

              precision    recall  f1-score   support

           0     1.0000    0.9722    0.9859        36
           1     0.8571    1.0000    0.9231        36
           2     0.9722    1.0000    0.9859        35
           3     1.0000    0.9730    0.9863        37
           4     0.9474    1.0000    0.9730        36
           5     0.9737    1.0000    0.9867        37
           6     1.0000    0.9444    0.9714        36
           7     0.9722    0.9722    0.9722        36
           8     0.9032    0.8000    0.8485        35
           9     1.0000    0.9444    0.9714        36

    accuracy                         0.9611       360
   macro avg     0.9626    0.9606    0.9604       360
weighted avg     0.9629    0.9611    0.9608       360
